76
0.000002
0.002231184608915714
0.004424387098069665
0.006786980862140928
0.009557304663244249
0.01235462406366889
0.014660842825301
0.01739755991283072
0.02064513578975092
0.02449893168425966
0.02668774308374794
0.02907210975904475
0.03166950323186525
0.03449895598447544
0.03758120092080382
0.04093882328744625
0.04459642616776981
0.04858081076177918
0.05292117277275143
0.05764931633966906
0.06279988708304746
0.0684106259718075
0.07452264587141096
0.08118073279967375
0.08843367409771827
0.09633461592074807
0.10494145266817
0.114317251206623
0.124530712994428
0.135656677493677
0.147776670558748
0.160979501819558
0.175361915436923
0.19102929899843
0.208096455749296
0.226688445816757
0.246941502592077
0.269004030985002
0.293037694865397
0.319218601660335
0.347738592786795
0.378806649375678
0.412650423587602
0.449517906741267
0.489679246477625
0.533428726275215
0.581086921821589
0.633003050041737
0.689557527996071
0.751164760398391
0.818276176179441
0.891383536346577
0.971022537378002
1.05777673655553
1.15228182799892
1.25523030073448
1.36737651293017
1.48954221947879
1.62262259343277
1.76759278541281
1.92551506905469
2.09754662485274
2.28494801943623
2.48909244241095
2.71147576844918
2.95372751835838
3.21762279944604
3.50509531267427
3.81825152191435
4.15938608912689
4.53099868856947
4.93581232323825
5.37679327775799
5.85717285392579
6.38047104817656
6.95052234446744
