75
4.751727693433183E+8 -1.0620988605640263E+6 -6323.390676866276 31.14986635084137
-3.91888411716739E+8 4.741621825944418E+6 -19272.562947049657 40.78053097331848
8.703337374099234E+7 -1.615184279746607E+6 8852.407971900184 -0.6980551824769385
-2.0480155884755623E+7 573892.5242269123 -6004.814402424717 32.91383945722809
4.687281220811927E+6 -147706.0678059289 891.7231862012412 10.943069171890048
-2.13136954172432E+6 105019.5325718247 -2230.606597730921 23.80147273298284
107958.41669037892 6528.226873964482 -786.6410452359198 16.744888729556802
-266208.47716178076 26056.999733536642 -1126.394041084389 18.71517976316929
-124666.67708653164 17290.55068609876 -945.4095101061012 17.469696357205574
-123124.31643146704 17177.192121136006 -942.6323463672529 17.44701717563423
-100761.33120751212 15386.739308408327 -894.8492016976028 17.021942412741836
-89815.48604902794 14432.082872849443 -867.0953250208565 16.752987829746715
-78133.77038796958 13322.220477204588 -831.9465342950562 16.38193958258442
-68234.84749929715 12297.712962114507 -796.6020946261992 15.975490826440474
-59259.68309671619 11285.820591982585 -758.573964154043 15.499109889134925
-51202.666810583876 10296.286294096442 -718.0635943960151 14.946294266190588
-43916.820766393976 9321.518208558085 -674.5924214386054 14.300074614450093
-37347.855185074404 8364.141187137904 -628.0822695333156 13.546907651712598
-31452.828910291457 7428.226075174812 -578.5525441924877 12.673183934329634
-26188.83517569719 6517.829155127829 -526.0687841540388 11.664632972612361
-21509.4454538613 5636.2337166812285 -470.70469016666266 10.505680022324878
-17375.837797830154 4787.885654868389 -412.66866821607664 9.182253158807162
-13758.783549280637 3979.2282962813747 -352.40538225078603 7.685259985794186
-10633.980203446776 3218.206819872379 -290.62510111961416 6.013470487528062
-7977.310961539963 2513.389754099721 -228.29553842656486 4.176126409577924
-5761.646183697901 1873.0541079520867 -166.60904989456847 2.1952783495014234
-3955.3923770926785 1304.4014128943957 -106.93381001154452 0.10780956228607419
-2522.4648727352715 812.9764124648804 -50.75545478822879 -2.0329088198601553
-1423.0632272392938 402.248600122296 0.39277252943486474 -4.156083891950067
-614.7569688184562 73.29217587814705 45.01790808259658 -6.173983099232359
-54.02300201733791 -175.29802017105933 81.75373958829472 -7.983549389272103
302.0183176524471 -347.24408297391926 109.43353111813356 -9.468842406252996
496.52306982122445 -449.5702606796217 127.37764563994452 -10.51774717070775
572.9134059937387 -493.3486377874911 135.7405983301497 -11.050270167363397
567.3431148965617 -489.87116428304796 135.016948418913 -11.00007384011951
508.38817021024744 -449.77794993058757 125.92827996955566 -10.313308465009975
420.59987388343166 -384.74222851576036 109.8682612012185 -8.991346742906597
323.0814665936937 -306.04369454723025 88.69803833107377 -7.093054979933328
229.41300992524137 -223.69852867606244 64.56780074087803 -4.736031913271557
148.05872348997272 -145.78912401124 39.697669527584225 -2.089695743599324
83.04049246149341 -77.96107952124963 16.111240785154855 0.6442747696534772
35.103445152037985 -23.484462704475114 -4.524863900530214 3.2499726603701737
2.9242066509642 16.351866490108588 -20.963342016850333 5.511087646315182
-16.109469990223708 42.0198019341194 -32.50153862801206 7.2399629757213795
-24.84112829510704 54.8469375118255 -38.78272071216951 8.265217812374374
-25.83981004713715 56.44511411664467 -39.63523402284105 8.4168028421891
-23.403615633935186 52.198191979065214 -37.16740311069904 7.938794752751516
-19.193245280133564 44.20266015178002 -32.10620707732173 6.870877244089187
-14.038048944969013 33.5382468281486 -24.752480588350082 5.180604757657684
-9.222160352119683 22.68566942528957 -16.600406883826484 3.139421260654853
-5.283050053003127 13.015829085959123 -8.687806906693458 0.981190576346205
-2.4247447048083535 5.372290098262548 -1.8744820936375515 -1.0432379457003467
-0.5920788615672972 0.03361058645276915 3.3094960321679334 -2.7211578101775804
0.420613221111657 -3.179995792602532 6.708774100379083 -3.9197168973899723
0.8609286808863504 -4.702098301258638 8.462665161455083 -4.5933758300458445
0.9494736223317413 -5.035531181695683 8.881200216240838 -4.768495124274727
0.8526916173973615 -4.638518860430995 8.338334892799617 -4.521061359955471
0.6813936151242918 -3.873052040936661 7.198139747552657 -3.954938424192105
0.5006101467226274 -2.9930220198936213 5.770183152509105 -3.1825935463391057
0.34263259516849637 -2.1553020787408346 4.289435428330997 -2.3101405482478863
0.21900270939308553 -1.4411484546026438 2.9143218634328902 -1.4275399179569461
0.12942593123950286 -0.877474048558954 1.7319885155200758 -0.6008734768351588
0.06808010939714636 -0.456958006200813 0.7711312173926796 0.1309628499371882
0.027995670411173363 -0.15763638378600833 0.026092029189805577 0.7491199874891088
0.003508116985997573 0.04155583943689828 -0.5140128573426255 1.237280424907002
-0.009324187918506945 0.15526523579809887 -0.8498794304706239 1.5679665380886338
-0.013854389545345005 0.19899467591990394 -0.9905842740135542 1.7188782422807074
-0.013513509549216991 0.19541022529006574 -0.9780204329123963 1.7041990887630902
-0.01114640345883588 0.16829560599367452 -0.8744899965178222 1.5724306733204103
-0.008415182480265487 0.13421499835988288 -0.7327355912168374 1.37589357282662
-0.005864493886486612 0.09954349833979928 -0.5756390700951024 1.1386255290994842
-0.003994392001452705 0.07185208255021498 -0.43895943879295796 0.9137505262605559
-0.0019076577680019805 0.03819226675355899 -0.2579775674869258 0.5893831565824441
-0.002753461555490091 0.05305432370502793 -0.3450272040165687 0.7593380792576213
0.003989848236139849 -0.0760221549781131 0.47854153122179144 -0.9922474111996263
