75
-5.150541090003105E+6 11512.410171442452 199.76195211586779 0.0027288658216346492
3.428068216775689E+6 -45908.972982115396 327.87965843073806 -0.09255588566480599
-604801.7171242043 7619.960129103856 91.0469374000256 0.25672399277819913
227375.91051388867 -9323.960768940873 206.04500426468485 -0.003439233553015675
7088.2886914717365 -3007.893023045759 145.68042054347492 0.1888683389448233
54823.61093199873 -4777.148905565169 167.5389118444369 0.09885052473736966
31713.823333158296 -3760.7220144271 152.6372369500523 0.1716742292241391
30157.639594958746 -3679.5006149650017 151.22418278670656 0.1798687940464323
24684.912741673947 -3340.5450478861585 144.22639907767183 0.228025525679875
21560.575992752038 -3110.916310174779 138.60074031973798 0.273966402209735
19953.77909987073 -2982.2709621798367 135.16748632352977 0.3045083357404168
17975.120526958297 -2809.699624557681 130.15047345491337 0.35312671866673373
16178.615458113447 -2639.0163553061484 124.74501910772646 0.4101894033060496
14428.903522371242 -2457.9266501361035 118.49761333982353 0.4820323955073942
12752.681296967945 -2268.943317413709 111.39539274210014 0.5710023885963651
11144.791535303195 -2071.4679729582476 103.31098451181029 0.6813244419041724
9622.827874809765 -1867.8455529125754 94.23015229014072 0.8163153298093748
8207.849789982745 -1661.623205199437 84.21170344103903 0.9785501190309613
6910.13871980445 -1455.5940299373838 73.30839786076844 1.1708886918334964
5726.054687214537 -1250.809125034803 61.5026880964504 1.3977523907726637
4649.05503160731 -1047.9027547529586 48.76019095431958 1.6644948513332871
3677.8440737882024 -848.5793060277069 35.12434905616563 1.9754403446350572
2815.1389675710434 -655.706104661469 20.750927772664117 2.33248880605872
2063.8024540613114 -472.72395842385293 5.89630305183735 2.734458579492344
1424.6208255430943 -303.1484189469664 -9.099884941206398 3.1765145800539933
895.4388453899633 -150.212790516268 -23.83287996667597 3.6496137191009606
471.1749416827052 -16.644179407143213 -37.84976404733738 4.139931111536279
144.28724515549746 95.46252935362224 -50.66549483468954 4.628284150141008
-94.65781262074488 184.730524587733 -61.78210192877655 5.089737152642865
-256.45041260816413 250.57526425980348 -70.71438054312571 5.493644899066343
-352.5335747604939 293.17181365868623 -77.00915679058386 5.803718590986894
-394.4597641856084 313.4195849192283 -80.26863292106228 5.97862153887928
-395.0450327311724 313.72748635881356 -80.32262710727375 5.981777713518113
-368.08436997792404 298.2766568399552 -77.37106597534199 5.793832828856801
-323.7184278491282 270.5794709010129 -71.60737974721884 5.394031936815653
-269.4047465278995 233.64261888512493 -63.23422217037367 4.76133257759104
-212.20266064534147 191.2659117674052 -52.7696544398196 3.8999538844711785
-157.5669395646408 147.17422414796303 -40.90881273725815 2.8364158081831645
-109.22245750046027 104.67395739731607 -28.454632537484084 1.619901055789811
-69.2438079122398 66.38817154385528 -16.2330975138753 0.31945394899674295
-38.229435819533236 34.0334892208038 -4.982125812793591 -0.984678406609326
-15.732985519511999 8.46807433781126 4.702223338931903 -2.207510357792434
-0.7175978972653617 -10.120243850145071 12.372700712973213 -3.2625856036315213
8.21551780092819 -22.16703025813362 17.787946922051372 -4.074002317095987
12.399040104544094 -28.312782405904542 20.797394202810082 -4.565223609348007
12.891424028595377 -29.100737594239753 21.217712135285673 -4.639960162465036
11.86611518353466 -27.313356912161407 20.1790885966134 -4.438783310792197
10.029922521890688 -23.82641024630674 17.97184072179453 -3.9730517651393678
7.627849591331225 -18.857307830118152 14.545358743328228 -3.1854662842079313
5.301019293107099 -13.613809059758427 10.606627245841706 -2.199254183680245
3.3179101426840614 -8.74561614209456 6.62310096027188 -1.1127126314581222
1.8052302101822524 -4.700482179312667 3.0173351435317137 -0.04133920313697104
0.7700842714997908 -1.685032071504735 0.08926512851128487 0.9064014553982227
0.13861560480234766 0.31882652498414393 -2.0303698782014665 1.6537683220947135
-0.19440053619938671 1.4700118681040177 -3.356859829737198 2.163265077487311
-0.3300992786546047 1.98101138800808 -3.9982819107815493 2.431642554716323
-0.3494265257130669 2.0602942590701 -4.106691446549426 2.4810547723785428
-0.3097927599427893 1.8831857567748145 -3.842880854951942 2.350069101001833
-0.2475744220465213 1.5803151143858578 -3.351436107724125 2.084259317576594
-0.18344630660785455 1.2402579318113363 -2.7503534851775937 1.7301028818931747
-0.12829869290418422 0.9216952481848639 -2.136956237416319 1.3364010005995057
-0.08606870283127209 0.6559571287498592 -1.5795581419007108 0.9466781692834687
-0.055636248756170556 0.4473474017533974 -1.1028957593650128 0.583628580311903
-0.03428976767255765 0.28794730754152975 -0.7061341895426595 0.2544365053505949
-0.019726676268606576 0.16948489917495815 -0.38492623978456914 -0.03587935211683996
-0.010178372390047903 0.08487563541571774 -0.1350135291108583 -0.281937369018332
-0.004234840360513951 0.02750350291331903 0.04958835248169896 -0.47993044336261526
-0.0007409805895165222 -0.009235431606073827 0.1783618196582698 -0.6303848687617528
0.0011049505243259574 -0.030380119460408125 0.2590975562384856 -0.7331413184518479
0.002090508603861024 -0.042678069158542435 0.3102494771376878 -0.8040615145252681
0.0019292767764840647 -0.04048644556334045 0.30031923350198975 -0.7890635408950939
0.003024101315495359 -0.0566979909176472 0.38033637884051275 -0.9207134115725034
-0.0015179622856713983 0.016567220196060814 -0.013595515769192407 -0.21468329062852612
0.01170789995553229 -0.21583126367076022 1.3476025752290623 -2.8722741264320546
-0.03356975595153821 0.6508470542623308 -4.182213340425385 8.88866932409433
